0.00d0 1.10d0
252.53d0 1.10d0
505.05d0 1.10d0
757.58d0 1.10d0
1010.10d0 1.10d0
1262.63d0 1.10d0
1515.15d0 1.10d0
1767.68d0 1.10d0
2020.20d0 1.10d0
2272.73d0 1.10d0
2525.25d0 0.90d0
2777.78d0 0.90d0
3030.30d0 0.90d0
3282.83d0 0.90d0
3535.35d0 0.90d0
3787.88d0 0.90d0
4040.40d0 0.90d0
4292.93d0 0.90d0
4545.45d0 0.90d0
4797.98d0 0.90d0
5050.51d0 1.10d0
5303.03d0 1.10d0
5555.56d0 1.10d0
5808.08d0 1.10d0
6060.61d0 1.10d0
6313.13d0 1.10d0
6565.66d0 1.10d0
6818.18d0 1.10d0
7070.71d0 1.10d0
7323.23d0 1.10d0
7575.76d0 0.90d0
7828.28d0 0.90d0
8080.81d0 0.90d0
8333.33d0 0.90d0
8585.86d0 0.90d0
8838.38d0 0.90d0
9090.91d0 0.90d0
9343.43d0 0.90d0
9595.96d0 0.90d0
9848.48d0 0.90d0
10101.01d0 1.10d0
10353.54d0 1.10d0
10606.06d0 1.10d0
10858.59d0 1.10d0
11111.11d0 1.10d0
11363.64d0 1.10d0
11616.16d0 1.10d0
11868.69d0 1.10d0
12121.21d0 1.10d0
12373.74d0 1.10d0
12626.26d0 0.90d0
12878.79d0 0.90d0
13131.31d0 0.90d0
13383.84d0 0.90d0
13636.36d0 0.90d0
13888.89d0 0.90d0
14141.41d0 0.90d0
14393.94d0 0.90d0
14646.46d0 0.90d0
14898.99d0 0.90d0
15151.52d0 1.10d0
15404.04d0 1.10d0
15656.57d0 1.10d0
15909.09d0 1.10d0
16161.62d0 1.10d0
16414.14d0 1.10d0
16666.67d0 1.10d0
16919.19d0 1.10d0
17171.72d0 1.10d0
17424.24d0 1.10d0
17676.77d0 0.90d0
17929.29d0 0.90d0
18181.82d0 0.90d0
18434.34d0 0.90d0
18686.87d0 0.90d0
18939.39d0 0.90d0
19191.92d0 0.90d0
19444.44d0 0.90d0
19696.97d0 0.90d0
19949.49d0 0.90d0
20202.02d0 1.10d0
20454.55d0 1.10d0
20707.07d0 1.10d0
20959.60d0 1.10d0
21212.12d0 1.10d0
21464.65d0 1.10d0
21717.17d0 1.10d0
21969.70d0 1.10d0
22222.22d0 1.10d0
22474.75d0 1.10d0
22727.27d0 0.90d0
22979.80d0 0.90d0
23232.32d0 0.90d0
23484.85d0 0.90d0
23737.37d0 0.90d0
23989.90d0 0.90d0
24242.42d0 0.90d0
24494.95d0 0.90d0
24747.47d0 0.90d0
25000.00d0 1.10d0
